28	1	4721320	ENSG00000196581
29	1	4771194	ENSG00000196581
30	1	4773395	ENSG00000196581
31	1	4775031	ENSG00000196581
32	1	4780138	ENSG00000196581
33	1	4815589	ENSG00000196581
34	1	4863733	ENSG00000196581
35	1	4866221	ENSG00000196581
36	1	4896337	ENSG00000196581
177	1	12664469	ENSG00000162496
178	1	12676538	ENSG00000162496
181	1	14061665	ENSG00000116731
182	1	14129462	ENSG00000116731
183	1	14130462	ENSG00000116731
184	1	14169602	ENSG00000116731
185	1	14171021	ENSG00000116731
186	1	14174052	ENSG00000116731
187	1	14235753	ENSG00000116731
370	1	21384770	ENSG00000075151
371	1	21385108	ENSG00000075151
433	1	23882618	ENSG00000117318
434	1	23888956	ENSG00000117318
494	1	26736999	ENSG00000131914
495	1	26738295	ENSG00000131914
496	1	26738794	ENSG00000131914
497	1	26739189	ENSG00000131914
498	1	26745918	ENSG00000131914
529	1	28498555	ENSG00000169403
530	1	28499425	ENSG00000169403
906	1	46947153	ENSG00000197587
907	1	46948347	ENSG00000197587
908	1	46961176	ENSG00000197587
909	1	46982900	ENSG00000197587
1247	1	61352766	ENSG00000162599
1248	1	61365354	ENSG00000162599
1292	1	64038644	ENSG00000079739
1293	1	64040255	ENSG00000079739
1294	1	64058987	ENSG00000079739
1295	1	64078947	ENSG00000079739
1327	1	64913280	ENSG00000158966
1328	1	64917166	ENSG00000158966
1329	1	64937675	ENSG00000158966
1330	1	64938734	ENSG00000158966
1331	1	64939245	ENSG00000158966
1332	1	64959704	ENSG00000158966
1333	1	64972071	ENSG00000158966
1334	1	64983598	ENSG00000158966
1335	1	64984717	ENSG00000158966
1730	1	86661190	ENSG00000171502
1731	1	86663157	ENSG00000171502
1732	1	86676820	ENSG00000171502
2146	1	111669305	ENSG00000134255
2147	1	111681992	ENSG00000134255
2219	1	113850125	ENSG00000081026
2220	1	113850607	ENSG00000081026
2221	1	113851243	ENSG00000081026
2222	1	113934099	ENSG00000081026
2528	1	151464782	ENSG00000143375
2529	1	151467422	ENSG00000143375
2700	1	160376946	ENSG00000162738
2701	1	160383637	ENSG00000162738
2922	1	168663351	ENSG00000143196
2923	1	168678154	ENSG00000143196
2924	1	168679035	ENSG00000143196
3152	1	181417078	ENSG00000198216
3153	1	181417858	ENSG00000198216
3154	1	181421199	ENSG00000198216
3155	1	181439153	ENSG00000198216
3156	1	181511655	ENSG00000198216
3157	1	181560333	ENSG00000198216
3195	1	182979887	ENSG00000135862
3196	1	182995110	ENSG00000135862
3197	1	182998845	ENSG00000135862
3555	1	203554840	ENSG00000058668
3556	1	203561645	ENSG00000058668
3557	1	203595779	ENSG00000058668
3558	1	203597666	ENSG00000058668
3559	1	203610858	ENSG00000058668
3569	1	204034625	ENSG00000143842
3570	1	204049684	ENSG00000143842
3571	1	204050694	ENSG00000143842
3945	1	216994011	ENSG00000196482
3946	1	217022657	ENSG00000196482
3947	1	217062140	ENSG00000196482
3948	1	217062459	ENSG00000196482
3949	1	217076880	ENSG00000196482
3950	1	217077784	ENSG00000196482
3951	1	217130551	ENSG00000196482
3952	1	217158112	ENSG00000196482
3953	1	217236756	ENSG00000196482
3954	1	217311555	ENSG00000196482
3955	1	217313621	ENSG00000196482
3956	1	217314982	ENSG00000196482
3957	1	217315353	ENSG00000196482
3958	1	217383543	ENSG00000196482
3959	1	217450965	ENSG00000196482
4174	1	226129032	ENSG00000143768
4175	1	226129339	ENSG00000143768
4176	1	226130450	ENSG00000143768
4177	1	226131409	ENSG00000143768
4178	1	226132404	ENSG00000143768
4179	1	226133460	ENSG00000143768
4180	1	226136768	ENSG00000143768
4218	1	228883731	ENSG00000116574
4219	1	228884004	ENSG00000116574
4673	10	6534337	ENSG00000065675
4674	10	6606953	ENSG00000065675
4675	10	6610859	ENSG00000065675
4818	10	14307980	ENSG00000151474
4819	10	14342932	ENSG00000151474
4820	10	14376971	ENSG00000151474
4837	10	15357587	ENSG00000148468
4838	10	15432081	ENSG00000148468
4839	10	15515054	ENSG00000148468
4840	10	15520470	ENSG00000148468
4841	10	15528618	ENSG00000148468
4842	10	15529031	ENSG00000148468
4843	10	15529502	ENSG00000148468
4844	10	15570187	ENSG00000148468
4937	10	21803688	ENSG00000180592
4938	10	21805002	ENSG00000180592
4939	10	21812198	ENSG00000180592
4940	10	21818095	ENSG00000180592
4969	10	23914760	ENSG00000120549
4970	10	23960850	ENSG00000120549
4971	10	23991989	ENSG00000120549
5023	10	27750013	ENSG00000099246
5024	10	27751369	ENSG00000099246
5025	10	27754331	ENSG00000099246
5026	10	27756153	ENSG00000099246
5027	10	27759629	ENSG00000099246
5028	10	27793107	ENSG00000099246
5029	10	27847680	ENSG00000099246
5147	10	33604961	ENSG00000099250
5148	10	33616931	ENSG00000099250
5149	10	33619592	ENSG00000099250
5150	10	33620295	ENSG00000099250
5151	10	33621502	ENSG00000099250
5293	10	46055872	ENSG00000165406
5294	10	46066755	ENSG00000165406
5295	10	46076658	ENSG00000165406
5296	10	46077192	ENSG00000165406
5297	10	46094883	ENSG00000165406
5411	10	54068272	ENSG00000107984
5412	10	54073406	ENSG00000107984
5413	10	54073944	ENSG00000107984
5414	10	54084477	ENSG00000107984
5512	10	62006309	ENSG00000151150
5513	10	62026468	ENSG00000151150
5514	10	62118840	ENSG00000151150
5515	10	62148523	ENSG00000151150
5516	10	62174665	ENSG00000151150
5517	10	62185368	ENSG00000151150
5518	10	62223914	ENSG00000151150
5634	10	71560616	ENSG00000197467
5635	10	71561624	ENSG00000197467
5649	10	71792831	ENSG00000099284
5650	10	71801864	ENSG00000099284
5651	10	71805302	ENSG00000099284
5652	10	71809963	ENSG00000099284
5653	10	71811846	ENSG00000099284
5654	10	71814271	ENSG00000099284
5655	10	71814907	ENSG00000099284
5656	10	71834944	ENSG00000099284
5701	10	74020755	ENSG00000168209
5702	10	74032842	ENSG00000168209
5727	10	75637760	ENSG00000148660
5728	10	75639551	ENSG00000148660
5729	10	75646915	ENSG00000148660
5829	10	80819099	ENSG00000108175
5830	10	80826314	ENSG00000108175
5831	10	80856549	ENSG00000108175
5832	10	80889267	ENSG00000108175
6226	10	98939633	ENSG00000187122
6227	10	98975950	ENSG00000187122
6228	10	98982244	ENSG00000187122
6229	10	98983128	ENSG00000187122
6303	10	102439204	ENSG00000075891
6304	10	102459659	ENSG00000075891
6305	10	102460278	ENSG00000075891
6306	10	102475908	ENSG00000075891
6307	10	102494504	ENSG00000075891
6308	10	102505165	ENSG00000075891
6309	10	102520550	ENSG00000075891
6310	10	102547803	ENSG00000075891
6311	10	102561743	ENSG00000075891
6312	10	102563483	ENSG00000075891
6333	10	103507994	ENSG00000107831
6334	10	103509598	ENSG00000107831
6335	10	103538711	ENSG00000107831
6372	10	105527097	ENSG00000107957
6373	10	105538670	ENSG00000107957
6374	10	105572464	ENSG00000107957
6375	10	105589284	ENSG00000107957
6376	10	105599444	ENSG00000107957
6377	10	105600318	ENSG00000107957
6378	10	105601018	ENSG00000107957
6533	10	112258976	ENSG00000138166
6534	10	112259397	ENSG00000138166
6535	10	112260594	ENSG00000138166
6536	10	112261132	ENSG00000138166
6537	10	112262160	ENSG00000138166
6538	10	112264596	ENSG00000138166
6774	10	123274781	ENSG00000066468
6775	10	123287418	ENSG00000066468
6776	10	123312662	ENSG00000066468
6777	10	123349766	ENSG00000066468
6778	10	123352018	ENSG00000066468
6779	10	123355638	ENSG00000066468
6780	10	123356412	ENSG00000066468
6781	10	123360263	ENSG00000066468
6796	10	124246847	ENSG00000166033
6797	10	124255590	ENSG00000166033
6798	10	124268181	ENSG00000166033
6872	10	129860789	ENSG00000148773
6873	10	129861617	ENSG00000148773
6874	10	129938854	ENSG00000148773
7149	11	11622047	ENSG00000110328
7150	11	11631913	ENSG00000110328
8630	11	93885605	ENSG00000110218
8631	11	93887062	ENSG00000110218
9056	11	115035698	ENSG00000182985
9057	11	115052339	ENSG00000182985
9058	11	115061068	ENSG00000182985
9059	11	115084003	ENSG00000182985
9060	11	115123404	ENSG00000182985
9061	11	115124755	ENSG00000182985
9062	11	115127230	ENSG00000182985
9431	11	128434508	ENSG00000134954
9432	11	128435956	ENSG00000134954
9433	11	128439377	ENSG00000134954
9434	11	128454232	ENSG00000134954
9435	11	128462515	ENSG00000134954
9436	11	128463314	ENSG00000134954
9546	11	132841628	ENSG00000183715
9547	11	132847107	ENSG00000183715
9548	11	132851148	ENSG00000183715
9549	11	132853767	ENSG00000183715
9550	11	132869134	ENSG00000183715
9551	11	132877292	ENSG00000183715
9552	11	132881731	ENSG00000183715
9553	11	132891680	ENSG00000183715
9554	11	132908872	ENSG00000183715
9555	11	132929137	ENSG00000183715
9863	12	12890681	ENSG00000178878
9864	12	12894724	ENSG00000178878
9865	12	12896244	ENSG00000178878
9904	12	13986675	ENSG00000273079
9905	12	13996993	ENSG00000273079
9906	12	14002993	ENSG00000273079
9907	12	14005967	ENSG00000273079
9908	12	14006617	ENSG00000273079
9909	12	14020889	ENSG00000273079
9910	12	14077398	ENSG00000273079
9911	12	14094569	ENSG00000273079
9912	12	14095851	ENSG00000273079
9913	12	14098327	ENSG00000273079
9914	12	14120842	ENSG00000273079
9915	12	14211095	ENSG00000273079
9916	12	14212559	ENSG00000273079
9917	12	14215023	ENSG00000273079
10368	12	41582152	ENSG00000165966
10369	12	41671358	ENSG00000165966
10370	12	41701214	ENSG00000165966
10371	12	41704232	ENSG00000165966
10553	12	53374770	ENSG00000063046
10554	12	53386562	ENSG00000063046
10555	12	53386988	ENSG00000063046
10556	12	53387525	ENSG00000063046
10557	12	53398084	ENSG00000063046
10558	12	53400123	ENSG00000063046
10617	12	57082250	ENSG00000110958
11242	12	89739496	ENSG00000139318
11243	12	89740239	ENSG00000139318
11244	12	89746492	ENSG00000139318
11245	12	89747225	ENSG00000139318
11646	12	110136122	ENSG00000139438
11647	12	110156347	ENSG00000139438
11648	12	110172329	ENSG00000139438
11649	12	110175605	ENSG00000139438
11650	12	110178036	ENSG00000139438
11651	12	110178658	ENSG00000139438
11716	12	113547934	ENSG00000111344
11717	12	113573938	ENSG00000111344
11939	12	122088017	ENSG00000139714
11940	12	122109954	ENSG00000139714
12262	13	29557981	ENSG00000132938
12263	13	29580715	ENSG00000132938
12264	13	29593478	ENSG00000132938
12265	13	29651618	ENSG00000132938
12754	13	51795886	ENSG00000150510
12755	13	51804578	ENSG00000150510
12756	13	51834597	ENSG00000150510
12757	13	51837080	ENSG00000150510
13270	13	80708682	ENSG00000136158
13271	13	80757803	ENSG00000136158
13272	13	80759488	ENSG00000136158
13273	13	80792352	ENSG00000136158
13274	13	80913068	ENSG00000136158
13559	13	98770413	ENSG00000152767
13560	13	98785284	ENSG00000152767
13561	13	98785830	ENSG00000152767
14117	14	33944990	ENSG00000129521
14118	14	33961404	ENSG00000129521
14119	14	34021471	ENSG00000129521
14120	14	34087737	ENSG00000129521
14121	14	34234654	ENSG00000129521
14122	14	34265649	ENSG00000129521
14123	14	34324250	ENSG00000129521
14124	14	34329300	ENSG00000129521
14125	14	34400899	ENSG00000129521
14126	14	34402111	ENSG00000129521
14127	14	34429268	ENSG00000129521
14533	14	59654646	ENSG00000100592
14534	14	59656329	ENSG00000100592
14535	14	59715131	ENSG00000100592
14536	14	59718884	ENSG00000100592
14537	14	59719296	ENSG00000100592
14538	14	59748434	ENSG00000100592
14709	14	69248051	ENSG00000185650
14710	14	69258312	ENSG00000185650
14711	14	69260265	ENSG00000185650
14712	14	69263124	ENSG00000185650
14713	14	69264104	ENSG00000185650
15064	14	85997531	ENSG00000185070
15065	14	85998049	ENSG00000185070
15066	14	86069845	ENSG00000185070
15067	14	86070555	ENSG00000185070
15068	14	86087171	ENSG00000185070
15069	14	86110737	ENSG00000185070
15070	14	86195256	ENSG00000185070
15217	14	95229842	ENSG00000133937
15218	14	95230931	ENSG00000133937
15219	14	95231464	ENSG00000133937
15220	14	95233252	ENSG00000133937
15221	14	95236765	ENSG00000133937
15222	14	95239606	ENSG00000133937
15223	14	95240318	ENSG00000133937
15224	14	95241476	ENSG00000133937
15225	14	95242115	ENSG00000133937
15226	14	95243838	ENSG00000133937
15227	14	95247417	ENSG00000133937
15228	14	95249804	ENSG00000133937
15394	14	104616201	ENSG00000066735
15395	14	104625296	ENSG00000066735
15673	15	38534532	ENSG00000166068
15674	15	38535905	ENSG00000166068
15675	15	38536863	ENSG00000166068
15676	15	38539306	ENSG00000166068
15677	15	38540903	ENSG00000166068
15678	15	38543614	ENSG00000166068
15679	15	38544139	ENSG00000166068
15680	15	38545872	ENSG00000166068
15746	15	41922234	ENSG00000174197
15747	15	41929261	ENSG00000174197
15815	15	47490846	ENSG00000137872
15816	15	47491524	ENSG00000137872
15817	15	47504895	ENSG00000137872
16072	15	60286223	ENSG00000171956
16073	15	60296275	ENSG00000171956
16225	15	67356764	ENSG00000166949
16226	15	67360476	ENSG00000166949
16227	15	67374498	ENSG00000166949
16228	15	67378739	ENSG00000166949
16229	15	67380004	ENSG00000166949
16230	15	67380696	ENSG00000166949
16249	15	68063845	ENSG00000188779
16250	15	68074618	ENSG00000188779
16251	15	68108032	ENSG00000188779
17192	16	17417178	ENSG00000103489
17193	16	17456702	ENSG00000103489
17194	16	17476984	ENSG00000103489
17195	16	17486713	ENSG00000103489
17196	16	17527679	ENSG00000103489
17197	16	17568106	ENSG00000103489
17198	16	17570729	ENSG00000103489
17500	16	51187582	ENSG00000103449
17501	16	51190405	ENSG00000103449
18165	16	85638849	ENSG00000131149
18166	16	85641083	ENSG00000131149
18167	16	85641662	ENSG00000131149
18168	16	85644787	ENSG00000131149
18169	16	85660316	ENSG00000131149
18302	17	2670210	ENSG00000132359
18303	17	2689693	ENSG00000132359
18304	17	2731836	ENSG00000132359
18305	17	2747910	ENSG00000132359
18343	17	5692056	ENSG00000179314
18344	17	5704852	ENSG00000179314
18345	17	5708675	ENSG00000179314
18346	17	5729830	ENSG00000179314
18347	17	5768881	ENSG00000179314
18348	17	5801046	ENSG00000179314
18349	17	5836665	ENSG00000179314
18350	17	5846678	ENSG00000179314
18351	17	5875484	ENSG00000179314
18801	17	27279404	ENSG00000109118
18802	17	27292860	ENSG00000109118
18803	17	27297843	ENSG00000109118
19128	17	39933532	ENSG00000173801
19129	17	39940681	ENSG00000173801
19130	17	39941595	ENSG00000173801
19131	17	39942070	ENSG00000173801
19132	17	39950112	ENSG00000173801
19212	17	42617312	ENSG00000180340
19213	17	42617876	ENSG00000180340
19214	17	42619046	ENSG00000180340
19215	17	42619415	ENSG00000180340
19216	17	42620690	ENSG00000180340
19217	17	42621248	ENSG00000180340
19218	17	42622524	ENSG00000180340
19219	17	42633568	ENSG00000180340
19220	17	42634021	ENSG00000180340
19221	17	42639113	ENSG00000180340
19265	17	44849930	ENSG00000108379
19266	17	44850774	ENSG00000108379
19267	17	44857056	ENSG00000108379
19268	17	44863400	ENSG00000108379
19269	17	44867754	ENSG00000108379
19270	17	44891536	ENSG00000108379
19271	17	44896877	ENSG00000108379
19272	17	44899279	ENSG00000108379
19544	17	55927474	ENSG00000181610
19545	17	55928825	ENSG00000181610
19546	17	55929279	ENSG00000181610
19547	17	55929894	ENSG00000181610
19548	17	55938647	ENSG00000181610
19549	17	55945992	ENSG00000181610
19550	17	55952227	ENSG00000181610
19635	17	60148756	ENSG00000108510
19636	17	60152711	ENSG00000108510
20588	18	25653946	ENSG00000170558
20589	18	25658999	ENSG00000170558
20590	18	25686079	ENSG00000170558
20591	18	25687985	ENSG00000170558
20592	18	25689019	ENSG00000170558
20593	18	25692757	ENSG00000170558
20594	18	25695209	ENSG00000170558
20595	18	25713020	ENSG00000170558
20596	18	25731079	ENSG00000170558
20597	18	25732118	ENSG00000170558
20598	18	25744890	ENSG00000170558
20599	18	25754326	ENSG00000170558
20600	18	25758638	ENSG00000170558
20601	18	25765296	ENSG00000170558
20602	18	25867285	ENSG00000170558
20603	18	25924105	ENSG00000170558
20878	18	42262940	ENSG00000152217
20879	18	42265500	ENSG00000152217
20880	18	42286776	ENSG00000152217
20881	18	42301836	ENSG00000152217
20882	18	42307236	ENSG00000152217
20883	18	42309690	ENSG00000152217
20884	18	42310915	ENSG00000152217
20885	18	42324332	ENSG00000152217
20886	18	42337088	ENSG00000152217
20887	18	42374646	ENSG00000152217
20888	18	42379724	ENSG00000152217
20930	18	43863550	ENSG00000141622
20931	18	43863906	ENSG00000141622
20932	18	43977592	ENSG00000141622
20933	18	43988688	ENSG00000141622
20934	18	43991981	ENSG00000141622
20935	18	43994950	ENSG00000141622
21204	18	55712414	ENSG00000049759
21205	18	55737374	ENSG00000049759
21206	18	55764753	ENSG00000049759
21207	18	55782246	ENSG00000049759
21236	18	56515177	ENSG00000074657
21237	18	56515999	ENSG00000074657
21238	18	56519302	ENSG00000074657
21239	18	56534727	ENSG00000074657
21240	18	56539761	ENSG00000074657
21241	18	56549994	ENSG00000074657
21523	18	76745135	ENSG00000256463
21524	18	76746423	ENSG00000256463
21558	19	3025105	ENSG00000065717
21559	19	3034512	ENSG00000065717
21562	19	3056722	ENSG00000104964
22077	19	47895076	ENSG00000105419
22078	19	47896238	ENSG00000105419
22079	19	47897661	ENSG00000105419
22080	19	47901745	ENSG00000105419
22356	2	8821135	ENSG00000115738
22357	2	8821648	ENSG00000115738
22358	2	8833624	ENSG00000115738
23059	2	42274074	ENSG00000162878
23060	2	42278529	ENSG00000162878
23061	2	42288968	ENSG00000162878
23062	2	42291024	ENSG00000162878
23544	2	66646002	ENSG00000143995
23545	2	66652639	ENSG00000143995
23546	2	66657817	ENSG00000143995
23685	2	74230396	ENSG00000187605
23686	2	74236009	ENSG00000187605
23687	2	74247043	ENSG00000187605
23688	2	74254127	ENSG00000187605
23689	2	74270739	ENSG00000187605
24389	2	121495219	ENSG00000074047
24390	2	121523582	ENSG00000074047
24391	2	121549635	ENSG00000074047
24922	2	151283441	ENSG00000115963
24923	2	151318486	ENSG00000115963
24924	2	151327083	ENSG00000115963
24925	2	151345306	ENSG00000115963
24926	2	151361022	ENSG00000115963
24927	2	151367353	ENSG00000115963
25006	2	157097658	ENSG00000153234
25007	2	157157003	ENSG00000153234
25008	2	157191227	ENSG00000153234
25009	2	157192243	ENSG00000153234
25010	2	157197824	ENSG00000153234
25011	2	157198293	ENSG00000153234
25236	2	171011789	ENSG00000071909
25237	2	171012778	ENSG00000071909
25238	2	171034591	ENSG00000071909
25239	2	171093474	ENSG00000071909
25240	2	171110447	ENSG00000071909
25323	2	174805185	ENSG00000172845
25324	2	174805521	ENSG00000172845
25841	2	202904491	ENSG00000155760
25842	2	202911379	ENSG00000155760
26150	2	216279576	ENSG00000115414
26151	2	216282330	ENSG00000115414
26152	2	216284643	ENSG00000115414
26284	2	222175631	ENSG00000116106
26285	2	222253468	ENSG00000116106
26286	2	222314217	ENSG00000116106
26287	2	222319644	ENSG00000116106
26288	2	222323578	ENSG00000116106
26289	2	222333207	ENSG00000116106
26548	2	235484542	ENSG00000188042
26549	2	235540899	ENSG00000188042
26550	2	235558748	ENSG00000188042
26551	2	235602104	ENSG00000188042
26552	2	235602586	ENSG00000188042
26756	20	6761222	ENSG00000125845
26757	20	6761769	ENSG00000125845
26758	20	6773404	ENSG00000125845
26759	20	6778682	ENSG00000125845
26760	20	6781169	ENSG00000125845
27051	20	22555985	ENSG00000125798
27052	20	22559772	ENSG00000125798
27053	20	22565433	ENSG00000125798
27054	20	22571506	ENSG00000125798
27583	20	50414451	ENSG00000101115
27584	20	50416354	ENSG00000101115
27585	20	50416879	ENSG00000101115
27586	20	50419043	ENSG00000101115
27587	20	50427227	ENSG00000101115
27616	20	52201127	ENSG00000171940
27617	20	52206498	ENSG00000171940
27618	20	52207263	ENSG00000171940
27619	20	52216002	ENSG00000171940
27664	20	55207537	ENSG00000087510
27665	20	55207951	ENSG00000087510
27666	20	55208799	ENSG00000087510
27801	21	16424528	ENSG00000180530
27802	21	16431377	ENSG00000180530
27803	21	16433305	ENSG00000180530
28004	21	32898533	ENSG00000156299
28005	21	32928396	ENSG00000156299
28058	21	36281076	ENSG00000159216
28059	21	36287701	ENSG00000159216
28446	22	28197991	ENSG00000169184
28447	22	28206472	ENSG00000169184
28448	22	28207705	ENSG00000169184
29053	3	9440237	ENSG00000168137
29054	3	9441608	ENSG00000168137
29055	3	9444711	ENSG00000168137
29450	3	32858142	ENSG00000206557
29451	3	32870971	ENSG00000206557
29452	3	32885091	ENSG00000206557
29453	3	32885801	ENSG00000206557
29454	3	32889914	ENSG00000206557
29455	3	32911304	ENSG00000206557
29586	3	39191482	ENSG00000144655
29587	3	39192568	ENSG00000144655
29588	3	39193823	ENSG00000144655
29589	3	39207800	ENSG00000144655
29862	3	56797514	ENSG00000163947
29863	3	56816507	ENSG00000163947
29864	3	56857721	ENSG00000163947
29865	3	56884102	ENSG00000163947
29866	3	56885321	ENSG00000163947
30032	3	62352544	ENSG00000153266
30033	3	62394236	ENSG00000153266
30034	3	62400376	ENSG00000153266
30035	3	62401327	ENSG00000153266
30036	3	62488662	ENSG00000153266
30094	3	64225040	ENSG00000163637
30095	3	64291115	ENSG00000163637
30096	3	64291729	ENSG00000163637
30097	3	64316378	ENSG00000163637
30684	3	104756144	ENSG00000170017
30685	3	104770325	ENSG00000170017
30686	3	105086891	ENSG00000170017
30687	3	105133799	ENSG00000170017
30688	3	105159594	ENSG00000170017
30689	3	105163299	ENSG00000170017
30690	3	105167689	ENSG00000170017
30691	3	105236026	ENSG00000170017
30692	3	105332249	ENSG00000114423
30693	3	105333329	ENSG00000114423
30694	3	105425953	ENSG00000114423
30695	3	105426976	ENSG00000114423
30696	3	105472939	ENSG00000114423
30697	3	105474102	ENSG00000114423
30698	3	105494601	ENSG00000114423
30699	3	105495350	ENSG00000114423
30700	3	105508382	ENSG00000114423
30701	3	105541769	ENSG00000114423
30702	3	105564484	ENSG00000114423
30703	3	105718879	ENSG00000114423
30704	3	105726526	ENSG00000114423
31005	3	120626693	ENSG00000145087
31006	3	120627164	ENSG00000145087
31177	3	129386549	ENSG00000172765
31178	3	129420182	ENSG00000172765
31179	3	129446692	ENSG00000172765
31399	3	140925484	ENSG00000155893
31400	3	140930310	ENSG00000155893
31401	3	140936018	ENSG00000155893
31550	3	148853166	ENSG00000163755
31551	3	148869806	ENSG00000163755
31552	3	148870395	ENSG00000163755
31899	3	168801095	ENSG00000085276
31900	3	168865215	ENSG00000085276
31901	3	168866620	ENSG00000085276
31902	3	168919868	ENSG00000085276
31903	3	168930683	ENSG00000085276
31904	3	168964171	ENSG00000085276
31905	3	168998889	ENSG00000085276
32181	3	181419104	ENSG00000181449
32182	3	181422727	ENSG00000181449
32183	3	181425961	ENSG00000181449
32184	3	181474701	ENSG00000181449
32253	3	184279078	ENSG00000182580
32254	3	184281504	ENSG00000182580
32255	3	184282366	ENSG00000182580
32256	3	184292585	ENSG00000182580
32257	3	184302660	ENSG00000182580
32258	3	184310226	ENSG00000182580
32259	3	184320052	ENSG00000182580
32260	3	184320769	ENSG00000182580
32261	3	184321533	ENSG00000182580
32262	3	184347208	ENSG00000182580
32263	3	184347584	ENSG00000182580
32296	3	185815390	ENSG00000244405
32297	3	185815808	ENSG00000244405
32298	3	185825547	ENSG00000244405
32299	3	185828070	ENSG00000244405
32300	3	185846209	ENSG00000244405
32340	3	186973228	ENSG00000127241
32341	3	187015839	ENSG00000127241
32505	3	193851685	ENSG00000114315
32506	3	193852631	ENSG00000114315
32507	3	193853936	ENSG00000114315
32508	3	193857384	ENSG00000114315
32509	3	193858696	ENSG00000114315
32549	3	196735209	ENSG00000163975
32550	3	196758442	ENSG00000163975
32551	3	196772178	ENSG00000163975
32605	4	3772484	ENSG00000184160
32606	4	3809273	ENSG00000184160
32607	4	3809807	ENSG00000184160
32608	4	3820308	ENSG00000184160
32609	4	3824546	ENSG00000184160
33485	4	55515310	ENSG00000157404
33486	4	55524157	ENSG00000157404
33487	4	55534630	ENSG00000157404
33488	4	55537676	ENSG00000157404
33730	4	73388037	ENSG00000156140
33731	4	73435031	ENSG00000156140
33732	4	73435648	ENSG00000156140
33884	4	82343107	ENSG00000138670
33885	4	82406610	ENSG00000138670
33886	4	82407947	ENSG00000138670
33887	4	82421149	ENSG00000138670
33888	4	82425030	ENSG00000138670
33889	4	82449973	ENSG00000138670
33890	4	82450359	ENSG00000138670
33891	4	82480415	ENSG00000138670
34339	4	109092131	ENSG00000138795
34340	4	109115678	ENSG00000138795
34341	4	109133672	ENSG00000138795
34393	4	111540727	ENSG00000164093
34394	4	111545694	ENSG00000164093
34395	4	111546216	ENSG00000164093
34396	4	111547159	ENSG00000164093
34397	4	111547839	ENSG00000164093
34398	4	111549941	ENSG00000164093
34399	4	111552214	ENSG00000164093
34400	4	111553292	ENSG00000164093
34401	4	111558178	ENSG00000164093
34402	4	111602831	ENSG00000164093
34403	4	111623557	ENSG00000164093
34920	4	141134038	ENSG00000153130
34921	4	141134483	ENSG00000153130
34922	4	141136400	ENSG00000153130
34923	4	141139492	ENSG00000153130
34924	4	141140101	ENSG00000153130
34925	4	141184123	ENSG00000153130
34926	4	141184778	ENSG00000153130
34967	4	143693391	ENSG00000109452
34968	4	143698468	ENSG00000109452
34969	4	143834959	ENSG00000109452
34970	4	143843381	ENSG00000109452
35170	4	154040395	ENSG00000109654
35171	4	154077596	ENSG00000109654
35172	4	154125950	ENSG00000109654
35173	4	154126967	ENSG00000109654
35181	4	154711542	ENSG00000145423
35182	4	154747111	ENSG00000145423
35183	4	154752046	ENSG00000145423
35924	5	11486433	ENSG00000169862
35925	5	11779439	ENSG00000169862
35926	5	11792013	ENSG00000169862
35927	5	11910019	ENSG00000169862
35928	5	12016653	ENSG00000169862
35929	5	12032634	ENSG00000169862
35949	5	14114876	ENSG00000038382
35950	5	14115715	ENSG00000038382
35951	5	14128956	ENSG00000038382
35952	5	14138335	ENSG00000038382
35953	5	14178622	ENSG00000038382
35954	5	14179148	ENSG00000038382
35955	5	14197369	ENSG00000038382
35956	5	14201659	ENSG00000038382
35957	5	14216184	ENSG00000038382
35958	5	14221935	ENSG00000038382
35959	5	14232148	ENSG00000038382
35960	5	14243075	ENSG00000038382
35961	5	14264906	ENSG00000038382
35962	5	14267438	ENSG00000038382
35963	5	14268455	ENSG00000038382
35964	5	14309767	ENSG00000038382
35965	5	14351124	ENSG00000038382
37205	5	93323772	ENSG00000113391
37206	5	93326217	ENSG00000113391
37207	5	93376498	ENSG00000113391
37208	5	93398146	ENSG00000113391
37209	5	93510957	ENSG00000113391
37210	5	93511875	ENSG00000113391
37211	5	93520742	ENSG00000113391
37212	5	93621916	ENSG00000113391
37305	5	98079341	ENSG00000174136
37306	5	98088565	ENSG00000174136
37307	5	98089425	ENSG00000174136
37422	5	106795499	ENSG00000184349
37423	5	106802316	ENSG00000184349
37424	5	106803101	ENSG00000184349
37425	5	106810959	ENSG00000184349
37426	5	106847932	ENSG00000184349
37427	5	106875623	ENSG00000184349
37428	5	106904211	ENSG00000184349
37429	5	106906766	ENSG00000184349
37430	5	106925434	ENSG00000184349
37431	5	107004010	ENSG00000184349
37432	5	107008521	ENSG00000184349
37764	5	123932967	ENSG00000168916
37765	5	123938600	ENSG00000168916
37766	5	123939070	ENSG00000168916
37767	5	123960400	ENSG00000168916
37768	5	123961114	ENSG00000168916
37769	5	123965122	ENSG00000168916
37770	5	123975064	ENSG00000168916
37771	5	123976755	ENSG00000168916
37772	5	123997218	ENSG00000168916
37773	5	123998163	ENSG00000168916
38123	5	140365762	ENSG00000243232
38124	5	140367966	ENSG00000243232
38125	5	140384079	ENSG00000243232
38131	5	141196423	ENSG00000156453
38132	5	141216826	ENSG00000156453
38133	5	141225198	ENSG00000156453
38134	5	141228715	ENSG00000156453
38135	5	141256798	ENSG00000156453
38142	5	141605024	ENSG00000187678
38143	5	141607069	ENSG00000187678
38144	5	141660415	ENSG00000187678
38145	5	141670566	ENSG00000187678
38146	5	141673978	ENSG00000187678
38147	5	141675005	ENSG00000187678
38310	5	148607182	ENSG00000157510
38311	5	148653454	ENSG00000157510
39115	6	4719945	ENSG00000153046
39116	6	4733204	ENSG00000153046
39161	6	7112257	ENSG00000124782
39162	6	7113478	ENSG00000124782
39163	6	7113771	ENSG00000124782
39164	6	7119823	ENSG00000124782
39232	6	11210807	ENSG00000111859
39233	6	11217625	ENSG00000111859
39234	6	11254975	ENSG00000111859
39235	6	11259504	ENSG00000111859
39236	6	11263846	ENSG00000111859
39237	6	11270757	ENSG00000111859
39238	6	11277689	ENSG00000111859
39239	6	11299621	ENSG00000111859
39252	6	12153048	ENSG00000078401
39253	6	12246650	ENSG00000078401
39254	6	12287163	ENSG00000078401
39255	6	12289874	ENSG00000078401
39745	6	34481612	ENSG00000124664
39746	6	34528983	ENSG00000124664
39912	6	41515378	ENSG00000137166
39913	6	41523540	ENSG00000137166
39914	6	41528417	ENSG00000137166
40730	6	94027530	ENSG00000135333
40731	6	94029114	ENSG00000135333
40732	6	94105381	ENSG00000135333
40733	6	94110731	ENSG00000135333
40734	6	94327554	ENSG00000135333
40929	6	106452021	ENSG00000057657
40930	6	106453076	ENSG00000057657
40931	6	106463378	ENSG00000057657
40932	6	106488074	ENSG00000057657
40933	6	106528106	ENSG00000057657
40934	6	106528691	ENSG00000057657
40935	6	106532765	ENSG00000057657
41290	6	124877588	ENSG00000146373
41291	6	124946609	ENSG00000146373
41292	6	124977602	ENSG00000146373
41293	6	125084644	ENSG00000146373
41294	6	125090353	ENSG00000146373
41295	6	125091588	ENSG00000146373
41296	6	125093376	ENSG00000146373
41297	6	125117773	ENSG00000146373
41298	6	125214901	ENSG00000146373
41338	6	127226340	ENSG00000146374
41339	6	127230809	ENSG00000146374
41340	6	127271184	ENSG00000146374
41341	6	127272752	ENSG00000146374
41342	6	127280574	ENSG00000146374
41343	6	127294321	ENSG00000146374
41344	6	127423737	ENSG00000146374
41512	6	137058735	ENSG00000197442
41513	6	137060503	ENSG00000197442
41514	6	137073965	ENSG00000197442
41563	6	139689228	ENSG00000164442
41564	6	139690335	ENSG00000164442
41565	6	139707735	ENSG00000164442
41566	6	139709743	ENSG00000164442
41567	6	139716732	ENSG00000164442
41568	6	139717353	ENSG00000164442
42112	7	1267715	ENSG00000164853
42113	7	1274546	ENSG00000164853
42114	7	1284526	ENSG00000164853
42398	7	20775225	ENSG00000164651
42399	7	20775798	ENSG00000164651
42400	7	20816194	ENSG00000164651
42401	7	20826936	ENSG00000164651
42402	7	20827550	ENSG00000164651
42403	7	20838668	ENSG00000164651
42870	7	42232452	ENSG00000106571
42871	7	42250316	ENSG00000106571
42872	7	42252433	ENSG00000106571
42873	7	42277219	ENSG00000106571
42874	7	42325311	ENSG00000106571
42927	7	47230177	ENSG00000136205
42928	7	47353460	ENSG00000136205
42929	7	47395919	ENSG00000136205
42930	7	47411758	ENSG00000136205
42931	7	47478423	ENSG00000136205
43151	7	69074082	ENSG00000158321
43152	7	69075437	ENSG00000158321
43153	7	69076343	ENSG00000158321
43154	7	69078966	ENSG00000158321
43155	7	69095480	ENSG00000158321
43156	7	69110923	ENSG00000158321
43157	7	69116208	ENSG00000158321
43158	7	69117037	ENSG00000158321
43159	7	69142577	ENSG00000158321
43160	7	69206847	ENSG00000158321
43161	7	69207427	ENSG00000158321
43162	7	69223076	ENSG00000158321
43163	7	69267437	ENSG00000158321
43164	7	69270136	ENSG00000158321
43165	7	69302559	ENSG00000158321
43166	7	69323524	ENSG00000158321
43167	7	69352564	ENSG00000158321
43168	7	69402296	ENSG00000158321
43169	7	69403828	ENSG00000158321
43170	7	69491057	ENSG00000158321
43171	7	69500285	ENSG00000158321
43172	7	69525495	ENSG00000158321
43173	7	69528564	ENSG00000158321
43174	7	69630887	ENSG00000158321
43175	7	69648562	ENSG00000158321
43265	7	73027301	ENSG00000009950
43266	7	73050845	ENSG00000009950
43274	7	73493660	ENSG00000106683
43275	7	73504875	ENSG00000106683
43443	7	83739876	ENSG00000075213
43444	7	83779963	ENSG00000075213
43445	7	83807468	ENSG00000075213
43446	7	83824345	ENSG00000075213
43447	7	83830414	ENSG00000075213
43448	7	83836527	ENSG00000075213
43449	7	83921337	ENSG00000075213
44084	7	122078772	ENSG00000081803
44085	7	122083165	ENSG00000081803
44086	7	122098212	ENSG00000081803
44087	7	122176862	ENSG00000081803
45095	8	19149204	ENSG00000104611
45096	8	19169865	ENSG00000104611
45097	8	19201892	ENSG00000104611
45098	8	19258003	ENSG00000104611
45099	8	19295576	ENSG00000104611
45100	8	19309925	ENSG00000104611
45496	8	37963458	ENSG00000129691
45497	8	37966714	ENSG00000129691
45550	8	41165426	ENSG00000104332
45551	8	41168906	ENSG00000104332
45552	8	41169296	ENSG00000104332
45553	8	41170171	ENSG00000104332
45554	8	41171696	ENSG00000104332
45555	8	41181838	ENSG00000104332
45556	8	41190624	ENSG00000104332
45557	8	41199737	ENSG00000104332
45558	8	41218523	ENSG00000104332
45760	8	61588985	ENSG00000171316
45761	8	61606990	ENSG00000171316
45762	8	61620994	ENSG00000171316
45907	8	72234923	ENSG00000104313
45908	8	72269044	ENSG00000104313
45952	8	74206203	ENSG00000121039
45953	8	74216812	ENSG00000121039
46504	8	106334232	ENSG00000169946
46505	8	106349405	ENSG00000169946
46506	8	106423192	ENSG00000169946
46507	8	106423633	ENSG00000169946
46508	8	106462839	ENSG00000169946
46509	8	106476223	ENSG00000169946
46510	8	106476871	ENSG00000169946
46534	8	108433905	ENSG00000154188
46535	8	108437806	ENSG00000154188
46536	8	108441658	ENSG00000154188
46537	8	108457251	ENSG00000154188
46538	8	108498166	ENSG00000154188
46539	8	108499242	ENSG00000154188
46540	8	108569125	ENSG00000154188
46541	8	108575042	ENSG00000154188
46542	8	108575550	ENSG00000154188
46728	8	118860083	ENSG00000182197
46729	8	118862522	ENSG00000182197
46730	8	118877931	ENSG00000182197
46731	8	118880472	ENSG00000182197
46732	8	118943084	ENSG00000182197
46733	8	118947174	ENSG00000182197
46734	8	118959981	ENSG00000182197
46735	8	118967731	ENSG00000182197
46736	8	118970173	ENSG00000182197
46737	8	118971325	ENSG00000182197
46738	8	118993107	ENSG00000182197
46739	8	119004909	ENSG00000182197
46740	8	119023380	ENSG00000182197
46741	8	119036206	ENSG00000182197
46742	8	119048656	ENSG00000182197
46743	8	119113982	ENSG00000182197
46744	8	119115903	ENSG00000182197
46745	8	119121453	ENSG00000182197
46746	8	119122274	ENSG00000182197
46747	8	119124123	ENSG00000182197
46748	8	119125450	ENSG00000182197
46749	8	119125812	ENSG00000182197
46750	8	119128630	ENSG00000182197
46751	8	119130570	ENSG00000182197
46752	8	119133112	ENSG00000182197
46753	8	119134645	ENSG00000182197
46754	8	119139162	ENSG00000182197
46755	8	119179564	ENSG00000182197
46756	8	119179941	ENSG00000182197
46793	8	121339588	ENSG00000172172
46794	8	121346092	ENSG00000172172
46795	8	121396373	ENSG00000172172
46814	8	122654056	ENSG00000170961
46815	8	122655117	ENSG00000170961
46816	8	122655435	ENSG00000170961
46817	8	122660733	ENSG00000170961
46818	8	122662222	ENSG00000170961
47005	8	128747361	ENSG00000136997
47006	8	128749705	ENSG00000136997
47007	8	128751491	ENSG00000136997
47008	8	128753984	ENSG00000136997
47468	9	6771972	ENSG00000107077
47469	9	6777105	ENSG00000107077
47470	9	6780009	ENSG00000107077
47471	9	6788686	ENSG00000107077
48330	9	82186261	ENSG00000106829
48331	9	82186842	ENSG00000106829
48332	9	82196954	ENSG00000106829
48333	9	82198999	ENSG00000106829
48334	9	82231295	ENSG00000106829
48554	9	92218139	ENSG00000130222
48555	9	92219842	ENSG00000130222
48556	9	92221804	ENSG00000130222
48601	9	94559306	ENSG00000169071
48602	9	94560393	ENSG00000169071
48603	9	94585196	ENSG00000169071
48604	9	94618958	ENSG00000169071
48605	9	94647640	ENSG00000169071
48606	9	94649159	ENSG00000169071
48607	9	94662483	ENSG00000169071
48608	9	94663018	ENSG00000169071
48609	9	94663759	ENSG00000169071
48610	9	94669433	ENSG00000169071
48611	9	94670503	ENSG00000169071
48612	9	94678499	ENSG00000169071
48613	9	94702460	ENSG00000169071
48614	9	94707726	ENSG00000169071
48615	9	94710962	ENSG00000169071
48616	9	94716181	ENSG00000169071
48617	9	94724486	ENSG00000169071
48974	9	112809605	ENSG00000241978
48975	9	112856936	ENSG00000241978
48976	9	112869276	ENSG00000241978
49844	X	19806697	ENSG00000147010
49845	X	19822669	ENSG00000147010
49846	X	19859115	ENSG00000147010
49847	X	19862181	ENSG00000147010
49848	X	19893348	ENSG00000147010
49852	X	20236169	ENSG00000177189
49853	X	20256190	ENSG00000177189
49854	X	20286574	ENSG00000177189
49855	X	20319112	ENSG00000177189
49856	X	20336703	ENSG00000177189
49857	X	20341036	ENSG00000177189
49858	X	20352388	ENSG00000177189
49859	X	20358901	ENSG00000177189
49860	X	20365132	ENSG00000177189
50130	X	37997699	ENSG00000101955
50131	X	37998356	ENSG00000101955
50132	X	38026125	ENSG00000101955
50133	X	38049960	ENSG00000101955
50209	X	39946038	ENSG00000183337
50210	X	39947035	ENSG00000183337
50211	X	39960260	ENSG00000183337
50212	X	39963184	ENSG00000183337
50213	X	40007687	ENSG00000183337
50249	X	41815379	ENSG00000147044
50250	X	41818354	ENSG00000147044
50251	X	41819533	ENSG00000147044
50252	X	41825483	ENSG00000147044
50556	X	68051473	ENSG00000090776
50557	X	68066659	ENSG00000090776
50558	X	68087795	ENSG00000090776
50559	X	68088856	ENSG00000090776
50560	X	68090963	ENSG00000090776
50561	X	68091927	ENSG00000090776
50562	X	68101000	ENSG00000090776
50563	X	68134614	ENSG00000090776
50564	X	68137771	ENSG00000090776
51128	X	106919614	ENSG00000157514
51129	X	106920819	ENSG00000157514
51130	X	106926548	ENSG00000157514
51131	X	106943931	ENSG00000157514
51132	X	106975630	ENSG00000157514
51133	X	106980315	ENSG00000157514
51134	X	106985377	ENSG00000157514
51135	X	106989032	ENSG00000157514
51615	X	132526418	ENSG00000076716
51616	X	132530965	ENSG00000076716
51617	X	132532976	ENSG00000076716
51618	X	132539801	ENSG00000076716
51619	X	132549962	ENSG00000076716
51620	X	132571210	ENSG00000076716
51621	X	132574474	ENSG00000076716
51622	X	132579302	ENSG00000076716
51633	X	133039490	ENSG00000147257
51634	X	133062643	ENSG00000147257
51635	X	133121432	ENSG00000147257
